      subroutine LogGL(n,t,w)

      Implicit Double Precision (a-h,o-z)

	dimension t(20),w(20)

	if (n.eq.4) then
	    t(1)=0.0414484802
          t(2)=0.2452749143
          t(3)=0.5561654536
          t(4)=0.8489823945
    
          w(1)=0.3834640681
		w(2)=0.3868753178
          w(3)=0.1904351270
          w(4)=0.0392254871
      else if (n.eq.6) then
          t(1)=0.0216340058
          t(2)=0.1295833912
          t(3)=0.3140204499
          t(4)=0.5386572174
          t(5)=0.7569153374
          t(6)=0.9226688514

          w(1)=0.2387636626
          w(2)=0.3082865733
          w(3)=0.2453174266
          w(4)=0.1420087566
          w(5)=0.0554546223
          w(6)=0.0101689587
      else if (n.eq.8) then
	    t(1)=0.0133202442
          t(2)=0.0797504290
          t(3)=0.1978710293
          t(4)=0.3541539944
          t(5)=0.5294585752
          t(6)=0.7018145299
          t(7)=0.8493793204
          t(8)=0.9533264501

          w(1)=0.1644166047
          w(2)=0.2375256100
          w(3)=0.2268419844
          w(4)=0.1757540790
          w(5)=0.1129240302
          w(6)=0.0578722107
          w(7)=0.0209790737
          w(8)=0.0036864071
      end if
    
      return
	end